-3.49 2.69 -6.00
-0.75 -8.31 9.51
-5.71 -2.99 4.09
-9.91 8.13 -3.07
-3.87 -4.41 -8.89
8.69 2.73 -6.04
-9.13 -8.22 9.61
-4.10 0.51 3.41
1.66 5.29 1.90
0.37 -5.54 9.74
-2.80 8.34 1.74
-5.13 -9.52 -5.32
-1.62 -1.18 7.30
7.71 3.49 3.18
8.16 0.12 -2.84
5.55 -1.98 5.26
7.84 7.75 1.22
7.93 3.97 -0.95
6.37 -4.73 -4.31
7.64 4.18 0.27
0.65 1.31 -8.38
1.67 -6.12 1.98
-4.11 0.49 -3.97
1.53 -3.60 2.35
9.91 -5.38 -9.67
2.71 8.86 -3.36
6.48 -5.20 -5.28
7.73 4.29 -1.32
3.66 -6.69 8.18
5.88 0.99 -9.15
7.61 7.90 5.38
6.59 8.59 7.50
-2.17 -3.50 3.02
3.98 -9.94 3.07
-0.76 3.67 6.01
-1.14 7.42 -1.39
6.38 -2.39 -4.15
-1.44 -9.90 2.44
-5.11 4.56 -9.57
8.38 -3.35 2.06
4.69 -1.05 7.79
-7.23 0.04 7.77
9.45 -2.39 5.05
-5.15 4.51 9.38
2.20 3.25 4.98
-4.39 -1.88 0.97
8.21 2.95 8.18
-7.93 -5.14 -6.32
4.87 5.65 -0.64
1.16 -7.97 8.13
5.67 -1.29 4.86
3.58 -8.88 2.84
-0.12 -6.21 7.16
-8.33 1.86 -6.74
-1.49 -2.70 3.61
-8.00 -2.29 -5.27
5.51 -9.77 -5.88
-6.22 2.13 0.49
0.67 2.00 -0.52
7.02 -4.82 6.93
7.14 9.30 4.35
-9.54 7.62 5.13
5.06 5.90 -8.25
-6.37 4.47 0.46
5.54 2.12 -4.46
3.69 -3.07 1.08
5.85 8.69 -7.32
2.68 -2.69 3.14
8.82 7.90 9.92
5.52 -4.46 -2.03
4.11 4.48 -2.42
-5.00 -8.39 -9.67
5.40 8.37 7.63
8.88 2.11 -1.67
9.91 8.83 5.89
0.95 2.87 -3.88
-0.57 -5.32 3.08
1.88 8.20 -4.88
4.62 6.29 0.40
9.65 8.27 6.69
-5.10 7.05 9.40
4.87 5.07 -1.35
2.22 6.40 6.15
4.65 -5.04 -1.81
-0.04 3.31 9.40
8.10 -2.10 0.80
-5.25 -5.23 -3.50
4.35 9.45 -8.46
8.34 1.06 -9.87
4.00 -5.16 -0.22
-0.58 7.15 -7.24
5.85 4.33 5.87
-9.34 -2.89 4.27
-6.60 0.58 5.99
2.27 -6.96 7.64
8.73 6.19 -3.46
5.38 -2.32 3.29
6.38 7.44 5.20
-1.42 -3.62 6.13
-7.53 -2.49 -5.50
